35.1351351351351
35.1351351351351
35.1351351351351
35.1351351351351
31.0810810810811
31.0810810810811
31.0810810810811
31.0810810810811
35.8108108108108
35.8108108108108
35.8108108108108
35.8108108108108
54.7297297297297
54.7297297297297
54.7297297297297
54.7297297297297
78.7162162162162
78.7162162162162
78.7162162162162
78.7162162162162
90.8783783783784
90.8783783783784
90.8783783783784
90.8783783783784
92.2297297297297
92.2297297297297
92.2297297297297
92.2297297297297
95.2702702702703
95.2702702702703
95.2702702702703
95.2702702702703
95.945945945946
95.945945945946
95.945945945946
95.945945945946
96.9594594594595
96.9594594594595
96.9594594594595
96.9594594594595
84.1216216216216
84.1216216216216
84.1216216216216
84.1216216216216
55.4054054054054
55.4054054054054
55.4054054054054
55.4054054054054
