77.8801843317972
77.8801843317972
77.8801843317972
77.8801843317972
76.4976958525346
76.4976958525346
76.4976958525346
76.4976958525346
78.110599078341
78.110599078341
78.110599078341
78.110599078341
84.5622119815668
84.5622119815668
84.5622119815668
84.5622119815668
92.741935483871
92.741935483871
92.741935483871
92.741935483871
96.889400921659
96.889400921659
96.889400921659
96.889400921659
97.3502304147465
97.3502304147465
97.3502304147465
97.3502304147465
98.3870967741936
98.3870967741936
98.3870967741936
98.3870967741936
98.6175115207373
98.6175115207373
98.6175115207373
98.6175115207373
98.963133640553
98.963133640553
98.963133640553
98.963133640553
94.5852534562212
94.5852534562212
94.5852534562212
94.5852534562212
84.7926267281106
84.7926267281106
84.7926267281106
84.7926267281106
