14.39911074
14.50756132
14.61988955
14.73645209
14.85700713
14.98155855
15.10996576
15.24205796
15.3776789
15.51663992
15.65854359
15.80302987
15.94988456
16.09931937
16.25084012
16.40400967
16.55795572
16.71216018
16.86620928
17.0197124
17.17217855
17.32317523
17.47244689
17.61986465
17.76521294
17.90812464
18.04745713
18.18256224
18.31299044
18.43851719
18.55915634
18.67458607
18.78487019
18.88988294
18.98954727
19.08408521
19.17330102
19.25738424
19.33635676
19.41005674
19.47839912
19.54134289
19.59889337
19.6509475
19.69720586
19.7380095
19.77360349
19.80462743
19.83140266
19.85410809
19.87271463
19.88697865
19.89700019
19.90245808
19.90323104
19.89911556
19.89052425
19.87809659
19.8620949
19.8428119
19.82034508
19.79454342
19.76541431
19.73258731
19.69598517
19.65552355
19.61093862
19.56277495
19.51122832
19.4566033
19.39906356
19.33846355
19.27521719
19.20943515
19.14131999
19.07096048
18.99854139
18.92389481
18.84672733
18.76686281
18.68426603
18.59917216
18.5120767
18.42324283
18.33315227
18.2421807
18.15057772
18.05831515
17.96501596
17.87052881
17.77445169
17.67668039
17.57744827
17.47665797
17.37459324
17.27153345
17.16757657
17.06256813
16.95626519
16.84847107
16.73888494
16.62743782
16.51426109
16.39905196
16.28179034
16.16240058
16.04085644
15.91715027
15.79141998
15.66395585
15.5348021
15.40409835
15.27197145
15.13845691
15.00350273
14.86706951
14.72918256
14.59004414
14.44997684
14.30941973
14.16893052
14.02915764
13.89048922
13.75294783
13.61681803
13.48223009
13.34918229
13.21774984
13.08803897
12.96000409
12.83363817
12.70921973
12.58705119
12.46740436
12.35061191
12.23693815
12.12661216
12.01978991
11.91652987
11.81683952
11.72061591
11.62785353
11.53850621
11.45244719
11.36959577
11.28988238
11.21331142
11.13993742
11.06975578
11.00274496
10.93884266
10.87779623
10.81942563
10.7634729
10.70976956
10.65809336
10.60825121
10.56013253
10.51362275
10.46867941
10.42540423
10.38384792
10.34393414
10.30568934
10.2692103
10.23456421
10.20158559
10.17008777
10.13990686
10.1110563
10.08355429
10.05746909
10.03301265
10.01020342
9.98911272
9.970481442
9.954418114
9.940947706
9.930044708
9.921687741
9.915982235
9.913010418
9.912891801
9.91565639
9.921235383
9.92948766
9.94077559
9.955445942
9.973745064
9.995908055
10.02222678
10.05272306
10.08739207
10.12613687
10.16879155
10.2150297
10.26392674
10.31552057
10.36987563
10.4269775
10.48667224
10.54864871
10.61259746
10.67817746
10.74509081
10.81301213
10.88103013
10.94852528
11.01516599
11.08067107
11.1447377
11.2066746
11.2660524
11.32241058
11.37546805
11.42506149
11.47066412
11.51203488
11.54893004
11.58108264
11.60831187
11.63041739
11.64733498
11.65903689
11.6655726
11.66710873
11.66396035
11.65658708
11.64495966
11.62905465
11.60890015
11.58428845
11.55540003
11.52247679
11.48580289
11.44567854
11.40245648
11.35695604
11.30953225
11.26037877
11.20978237
11.15803498
11.10543888
11.05219365
10.99849011
10.94442484
10.89004325
10.83584145
10.78204384
10.72863014
10.67564969
10.6231053
10.57116259
10.519882
10.46934746
10.41959773
10.37040875
10.32145665
10.27290682
10.22471058
10.17671298
10.12873566
10.08076372
10.03294199
9.985317397
9.937897368
9.890667713
9.843582556
9.796104024
9.748475946
9.70083606
9.653184424
9.605732282
9.558995797
9.513342108
9.469095265
9.426503735
9.385817254
9.347282825
9.310689184
9.276261292
9.244103503
9.214325365
9.186660631
9.160826372
9.136611716
9.113997843
9.093118553
9.074220254
9.057502855
9.043156482
9.031452997
9.022838323
9.017576051
9.015572949
9.016695156
9.020750688
9.027753419
9.037944448
9.051563603
9.068730549
9.089449823
9.113766055
9.141526374
9.172742803
9.207436415
9.245675888
9.287502987
9.333050643
9.382413541
9.435607843
9.492496754
9.552984387
9.616830729
9.683982588
9.754537668
9.828778017
9.906527495
9.987505618
10.07125601
10.15750251
10.24602642
10.33663919
10.42909939
10.52340257
10.61959943
10.7178549
10.81832238
10.92091393
11.02514407
11.1304478
11.23645749
11.34289941
11.44953635
11.55614145
11.66233051
11.76763719
11.87149102
11.97410321
12.07509144
12.17414842
12.27116431
12.36609807
12.45899445
12.54997889
12.63917821
12.72677251
12.81251872
12.89648416
12.97910246
13.06103681
13.14273839
13.22451771
13.30664039
13.38944598
13.47321471
13.55813756
13.64407235
13.73107394
13.81900599
13.90872701
14.00080642
14.09556309
14.19334318
14.29438408
